# Blender v2.76 (sub 0) OBJ File: ''
# www.blender.org
mtllib troll.mtl
o Cylinder
v -0.500000 1.502092 -0.320894
v 0.460447 0.306984 0.946843
v -0.460447 0.306984 0.946843
v -0.500000 0.781156 -0.392741
v -0.500000 0.084415 -0.912197
v 0.460447 0.645958 0.757291
v -0.460447 0.645958 0.757291
v 0.460447 0.781286 0.616719
v -0.460447 0.781286 0.616719
v 0.460447 0.452447 -0.886590
v -0.460447 0.452447 -0.886590
v 0.460447 0.270788 -0.957823
v -0.460447 0.270788 -0.957823
v 0.460447 0.082288 -0.991895
v -0.460447 0.083962 -0.991730
v 0.460447 0.003563 -0.920543
v 0.460447 0.003563 0.920543
v -0.460447 0.005237 0.920378
v -0.460447 1.502092 0.400000
v -0.460447 0.939368 0.400000
v 0.460447 0.939368 0.400000
v 0.500000 1.502092 0.320894
v 0.460447 1.581198 -0.320894
v -0.460447 1.581198 -0.320894
v -0.460447 1.581198 0.320894
v 0.460447 0.616719 -0.781286
v -0.460447 0.616719 -0.781286
v -0.460447 1.502092 -0.400000
v 0.460447 1.502092 -0.400000
v 0.460447 0.939368 -0.400000
v 0.460447 0.781285 -0.616721
v 0.500000 0.082597 -0.912376
v 0.500000 0.781156 0.392741
v 0.500000 0.082597 0.912376
v 0.460447 0.485806 0.868760
v -0.460447 0.485806 0.868760
v -0.494157 0.160756 0.943616
v -0.490689 0.190349 0.956945
v -0.494157 0.212588 0.933306
v -0.479822 0.137846 0.974680
v -0.480150 0.175489 0.972494
v -0.460447 0.165836 0.981398
v -0.460447 0.222353 0.970156
v -0.480151 0.210028 0.965624
v -0.479822 0.245642 0.953238
v 0.479822 0.137846 0.974680
v 0.480150 0.175489 0.972494
v 0.460447 0.165836 0.981398
v 0.494157 0.160756 0.943616
v 0.490689 0.190349 0.956945
v 0.494157 0.212588 0.933307
v 0.479822 0.245642 0.953238
v 0.480150 0.210028 0.965624
v 0.460447 0.222353 0.970156
v -0.494157 0.341758 0.894123
v -0.490689 0.373382 0.901422
v -0.494157 0.390582 0.873899
v -0.479822 0.325348 0.929060
v -0.480150 0.361841 0.919572
v -0.460447 0.354111 0.930187
v -0.460447 0.407348 0.908136
v -0.480150 0.394376 0.906095
v -0.479822 0.426890 0.887000
v 0.494157 0.390582 0.873899
v 0.490689 0.373382 0.901422
v 0.494157 0.341758 0.894123
v 0.479822 0.426890 0.887000
v 0.480150 0.394376 0.906095
v 0.460447 0.407348 0.908136
v 0.460447 0.354111 0.930187
v 0.480150 0.361841 0.919572
v 0.479822 0.325348 0.929060
v -0.494157 0.509626 0.810269
v -0.490689 0.542066 0.811259
v -0.494157 0.553566 0.780909
v -0.479822 0.500347 0.847736
v -0.480150 0.534288 0.831311
v -0.460447 0.528777 0.843230
v -0.460447 0.576690 0.811216
v -0.480150 0.563569 0.811746
v -0.479822 0.591732 0.786674
v 0.494157 0.553567 0.780909
v 0.490689 0.542066 0.811259
v 0.494157 0.509626 0.810269
v 0.479822 0.591732 0.786674
v 0.480150 0.563569 0.811746
v 0.460447 0.576690 0.811217
v 0.460447 0.528778 0.843230
v 0.480150 0.534288 0.831311
v 0.479822 0.500347 0.847736
v -0.494157 0.657909 0.695277
v -0.490689 0.689919 0.689919
v -0.494157 0.695278 0.657908
v -0.479822 0.656118 0.733834
v -0.480151 0.686202 0.711103
v -0.460447 0.683123 0.723869
v -0.460447 0.723869 0.683122
v -0.480151 0.711104 0.686202
v -0.479822 0.733835 0.656117
v 0.494157 0.695278 0.657908
v 0.490689 0.689919 0.689918
v 0.494157 0.657909 0.695277
v 0.479822 0.733835 0.656117
v 0.480150 0.711104 0.686202
v 0.460447 0.723870 0.683122
v 0.460447 0.683123 0.723869
v 0.480150 0.686203 0.711103
v 0.479822 0.656118 0.733834
v -0.500000 0.757393 0.521137
v -0.494150 0.775478 0.560214
v -0.490683 0.804767 0.543157
v -0.479832 0.784127 0.594816
v -0.480158 0.807733 0.564089
v -0.460447 0.807877 0.575498
v -0.460447 0.831495 0.524687
v -0.480158 0.822681 0.531931
v -0.479832 0.830953 0.494077
v -0.494150 0.798925 0.509771
v 0.500000 0.757394 0.521137
v 0.494150 0.798925 0.509771
v 0.490682 0.804767 0.543157
v 0.479832 0.830953 0.494077
v 0.480158 0.822681 0.531931
v 0.460447 0.831495 0.524687
v 0.460447 0.807877 0.575498
v 0.480158 0.807733 0.564089
v 0.479832 0.784127 0.594816
v 0.494150 0.775478 0.560214
v -0.460447 0.831494 -0.524688
v -0.480158 0.822680 -0.531933
v -0.479832 0.830952 -0.494079
v -0.460447 0.807876 -0.575500
v -0.480158 0.807732 -0.564091
v -0.479832 0.784126 -0.594817
v -0.494150 0.775477 -0.560215
v -0.490683 0.804766 -0.543159
v -0.500000 0.757392 -0.521138
v -0.494150 0.798924 -0.509773
v 0.479832 0.830952 -0.494079
v 0.480158 0.822680 -0.531933
v 0.460447 0.831495 -0.524688
v 0.494150 0.798924 -0.509773
v 0.490682 0.804766 -0.543159
v 0.500000 0.757393 -0.521138
v 0.494150 0.775477 -0.560216
v 0.479832 0.784126 -0.594817
v 0.480158 0.807732 -0.564091
v 0.460447 0.807876 -0.575500
v -0.494157 0.695276 -0.657910
v -0.490689 0.689918 -0.689920
v -0.494157 0.657908 -0.695278
v -0.479822 0.733834 -0.656118
v -0.480151 0.711103 -0.686203
v -0.460447 0.723868 -0.683124
v -0.460447 0.683122 -0.723870
v -0.480151 0.686201 -0.711104
v -0.479822 0.656117 -0.733835
v 0.494157 0.657908 -0.695278
v 0.490689 0.689918 -0.689920
v 0.494157 0.695277 -0.657910
v 0.479822 0.656117 -0.733835
v 0.480150 0.686201 -0.711104
v 0.460447 0.683122 -0.723870
v 0.460447 0.723868 -0.683124
v 0.480150 0.711103 -0.686203
v 0.479822 0.733834 -0.656118
v -0.494157 0.553565 -0.780910
v -0.490689 0.542065 -0.811260
v -0.494157 0.509624 -0.810270
v -0.479822 0.591731 -0.786675
v -0.480150 0.563567 -0.811747
v -0.460447 0.576688 -0.811217
v -0.460447 0.528776 -0.843231
v -0.480151 0.534286 -0.831312
v -0.479822 0.500345 -0.847737
v 0.494157 0.509624 -0.810270
v 0.490689 0.542065 -0.811260
v 0.494157 0.553565 -0.780910
v 0.479822 0.500345 -0.847737
v 0.480150 0.534286 -0.831312
v 0.460447 0.528776 -0.843231
v 0.460447 0.576688 -0.811217
v 0.480150 0.563567 -0.811747
v 0.479822 0.591731 -0.786675
v -0.494157 0.390581 -0.873900
v -0.490689 0.373380 -0.901423
v -0.494157 0.341756 -0.894124
v -0.479822 0.426888 -0.887000
v -0.480151 0.394374 -0.906096
v -0.460447 0.407347 -0.908137
v -0.460447 0.354109 -0.930188
v -0.480151 0.361839 -0.919573
v -0.479822 0.325346 -0.929060
v 0.494157 0.341756 -0.894124
v 0.490689 0.373380 -0.901423
v 0.494157 0.390581 -0.873900
v 0.479822 0.325346 -0.929060
v 0.480150 0.361839 -0.919573
v 0.460447 0.354109 -0.930188
v 0.460447 0.407347 -0.908137
v 0.480150 0.394374 -0.906096
v 0.479822 0.426888 -0.887000
v -0.494157 0.212586 -0.933307
v -0.490689 0.190347 -0.956945
v -0.494157 0.160754 -0.943617
v -0.479822 0.245640 -0.953239
v -0.480150 0.210026 -0.965624
v -0.460447 0.222351 -0.970156
v -0.460447 0.165834 -0.981398
v -0.480150 0.175487 -0.972495
v -0.479822 0.137844 -0.974681
v 0.494157 0.160754 -0.943617
v 0.490689 0.190347 -0.956945
v 0.494157 0.212586 -0.933307
v 0.479822 0.137844 -0.974681
v 0.480150 0.175487 -0.972495
v 0.460447 0.165834 -0.981398
v 0.460447 0.222351 -0.970156
v 0.480150 0.210026 -0.965624
v 0.479822 0.245640 -0.953239
v -0.494716 0.044974 0.916203
v -0.489583 0.046516 0.953993
v -0.494716 0.084285 0.951832
v -0.480198 0.015911 0.919206
v -0.479362 0.026055 0.956107
v -0.460447 0.015685 0.958920
v -0.460447 0.044582 0.985111
v -0.479362 0.046399 0.974546
v -0.460447 0.083962 0.991731
v -0.480198 0.084118 0.981026
v 0.460447 0.042908 0.985276
v 0.479362 0.044657 0.974717
v 0.480198 0.082373 0.981198
v 0.460447 0.014011 0.959085
v 0.479362 0.024313 0.956279
v 0.480198 0.014165 0.919378
v 0.494716 0.043175 0.916380
v 0.489583 0.044737 0.954168
v 0.494716 0.082486 0.952009
v -0.494716 0.084285 -0.951832
v -0.489583 0.046516 -0.953993
v -0.494716 0.044974 -0.916203
v -0.480198 0.084118 -0.981026
v -0.479362 0.046399 -0.974546
v -0.460447 0.044582 -0.985111
v -0.460447 0.015685 -0.958920
v -0.479362 0.026055 -0.956107
v -0.480198 0.015911 -0.919206
v 0.494716 0.043175 -0.916380
v 0.489583 0.044737 -0.954168
v 0.494716 0.082486 -0.952009
v 0.480198 0.014165 -0.919378
v 0.479362 0.024313 -0.956279
v 0.460447 0.014011 -0.959085
v 0.460447 0.042908 -0.985276
v 0.479362 0.044657 -0.974717
v 0.480198 0.082373 -0.981198
v -0.479861 0.939368 0.388262
v -0.481331 0.893592 0.399584
v -0.460447 0.898496 0.411488
v -0.494131 0.939368 0.359721
v -0.494537 0.848380 0.397846
v -0.494157 0.815091 0.422315
v -0.479822 0.838543 0.453137
v -0.481292 0.859269 0.421527
v -0.460447 0.864600 0.439686
v -0.460447 1.541593 0.389432
v -0.479362 1.539922 0.379166
v -0.480198 1.502092 0.389432
v -0.460447 1.570630 0.360395
v -0.479362 1.560364 0.358724
v -0.480198 1.570630 0.320894
v -0.494716 1.541593 0.320894
v -0.489583 1.539922 0.358724
v -0.494716 1.502092 0.360395
v -0.460447 0.898496 -0.411488
v -0.481331 0.893592 -0.399584
v -0.479861 0.939368 -0.388262
v -0.460447 0.864600 -0.439686
v -0.481292 0.859269 -0.421527
v -0.479822 0.838543 -0.453137
v -0.494157 0.815091 -0.422314
v -0.494537 0.848380 -0.397846
v -0.494131 0.939368 -0.359721
v -0.460447 1.570630 -0.360395
v -0.479362 1.560364 -0.358724
v -0.480198 1.570630 -0.320894
v -0.460447 1.541593 -0.389432
v -0.479362 1.539922 -0.379166
v -0.480198 1.502092 -0.389432
v -0.494716 1.502092 -0.360395
v -0.489583 1.539922 -0.358724
v -0.494716 1.541593 -0.320894
v 0.460447 0.898496 0.411488
v 0.481331 0.893592 0.399584
v 0.479861 0.939368 0.388262
v 0.460447 0.864600 0.439686
v 0.481292 0.859269 0.421527
v 0.479822 0.838543 0.453137
v 0.494157 0.815091 0.422315
v 0.494537 0.848380 0.397846
v 0.494131 0.939368 0.359721
v 0.460447 1.570630 0.360395
v 0.479362 1.560364 0.358724
v 0.480198 1.570630 0.320894
v 0.460447 1.541593 0.389432
v 0.479362 1.539922 0.379166
v 0.480198 1.502092 0.389432
v 0.494716 1.502092 0.360395
v 0.489583 1.539922 0.358724
v 0.494716 1.541593 0.320894
v 0.494131 0.939368 -0.359721
v 0.494537 0.848380 -0.397846
v 0.494157 0.815091 -0.422315
v 0.479822 0.838543 -0.453137
v 0.481292 0.859269 -0.421527
v 0.460447 0.864600 -0.439686
v 0.460447 0.898496 -0.411488
v 0.481331 0.893592 -0.399583
v 0.479861 0.939368 -0.388262
v 0.480198 1.570630 -0.320894
v 0.479362 1.560364 -0.358724
v 0.460447 1.570630 -0.360395
v 0.494716 1.541593 -0.320894
v 0.489583 1.539922 -0.358724
v 0.494716 1.502092 -0.360395
v 0.480198 1.502092 -0.389432
v 0.479362 1.539922 -0.379166
v 0.460447 1.541593 -0.389432
v -0.500000 0.084415 0.912197
v -0.460447 0.781285 -0.616721
v 0.460447 0.082288 0.991895
v -0.460447 0.005237 -0.920378
v -0.500000 1.502092 0.320894
v -0.460447 0.939368 -0.400000
v -0.500000 0.781156 0.392741
v 0.500000 1.502092 -0.320894
v -0.460447 0.845866 -0.477785
v 0.460447 1.581198 0.320894
v 0.460447 1.502092 0.400000
v 0.500000 0.781156 -0.392741
v 0.460447 0.845866 0.477785
v 0.460447 0.845866 -0.477785
v -0.460447 0.845866 0.477785
vt 0.012040 0.492935
vt 0.011827 0.482947
vt 0.347281 0.482947
vt 0.862879 0.513446
vt 0.870330 0.513446
vt 0.870330 0.979075
vt 0.956512 0.502887
vt 0.947919 0.503630
vt 0.946657 0.496415
vt 0.613454 0.990513
vt 0.606648 0.992151
vt 0.607162 0.984771
vt 0.004803 0.482949
vt 0.000030 0.482956
vt 0.000000 0.017327
vt 0.004773 0.017321
vt 0.359108 0.663009
vt 0.364915 0.663009
vt 0.364915 0.825262
vt 0.856463 0.513446
vt 0.862879 0.979075
vt 0.225068 0.517327
vt 0.216142 0.982956
vt 0.216142 0.517327
vt 0.485344 0.612385
vt 0.474666 0.637369
vt 0.477597 0.615258
vt 0.021905 0.982955
vt 0.024005 0.992918
vt 0.017253 0.992752
vt 0.313374 0.517324
vt 0.304114 0.517324
vt 0.306193 0.507358
vt 0.037259 0.992752
vt 0.030415 0.992918
vt 0.032394 0.982955
vt 0.583883 0.980087
vt 0.587784 0.986063
vt 0.583822 0.988258
vt 0.027319 0.998247
vt 0.017253 0.507531
vt 0.024005 0.507365
vt 0.021905 0.517327
vt 0.022676 0.500283
vt 0.027319 0.502036
vt 0.032394 0.517327
vt 0.030415 0.507365
vt 0.037259 0.507531
vt 0.844345 0.996402
vt 0.843062 0.989061
vt 0.850204 0.988638
vt 0.057455 0.982955
vt 0.059290 0.992918
vt 0.052419 0.992752
vt 0.205755 0.982956
vt 0.213939 0.992918
vt 0.072230 0.992752
vt 0.065638 0.992918
vt 0.067841 0.982955
vt 0.551618 0.965068
vt 0.554606 0.972027
vt 0.550405 0.973208
vt 0.062133 0.998247
vt 0.006973 0.982955
vt 0.067841 0.517327
vt 0.065638 0.507365
vt 0.072230 0.507531
vt 0.052419 0.507531
vt 0.059290 0.507365
vt 0.057455 0.517327
vt 0.056864 0.500283
vt 0.062133 0.502036
vt 0.577354 0.007068
vt 0.583883 0.012108
vt 0.560468 0.022014
vt 0.092178 0.982955
vt 0.093679 0.992918
vt 0.086952 0.992752
vt 0.105808 0.992752
vt 0.099720 0.992918
vt 0.102064 0.982955
vt 0.522073 0.941559
vt 0.524028 0.949232
vt 0.519735 0.949355
vt 0.095940 0.998247
vt 0.342915 0.519996
vt 0.342777 0.500283
vt 0.607488 0.488740
vt 0.102063 0.517327
vt 0.099720 0.507365
vt 0.105808 0.507531
vt 0.086952 0.507531
vt 0.093679 0.507365
vt 0.092178 0.517327
vt 0.090249 0.500283
vt 0.095940 0.502036
vt 0.544499 0.519890
vt 0.551618 0.523202
vt 0.530039 0.539288
vt 0.124741 0.982955
vt 0.125849 0.992918
vt 0.119526 0.992752
vt 0.353564 0.529488
vt 0.348080 0.529488
vt 0.348798 0.519544
vt 0.496385 0.910463
vt 0.497226 0.918556
vt 0.492991 0.917616
vt 0.127443 0.998247
vt 0.131352 0.992918
vt 0.488859 0.082185
vt 0.481847 0.106430
vt 0.479742 0.097682
vt 0.488859 0.413935
vt 0.481847 0.389689
vt 0.496385 0.414388
vt 0.359108 0.512224
vt 0.354541 0.504495
vt 0.359108 0.500283
vt 0.119526 0.507531
vt 0.125849 0.507365
vt 0.124741 0.517327
vt 0.121546 0.500283
vt 0.127443 0.502036
vt 0.131352 0.507365
vt 0.971941 0.978789
vt 0.974020 0.988755
vt 0.968420 0.988590
vt 0.321921 0.517324
vt 0.321921 0.982952
vt 0.986779 0.988590
vt 0.979880 0.988755
vt 0.981200 0.978789
vt 0.983919 0.995830
vt 0.977834 0.994077
vt 0.981200 0.513161
vt 0.979880 0.503194
vt 0.986779 0.503359
vt 0.968420 0.503359
vt 0.974020 0.503194
vt 0.971941 0.513160
vt 0.476408 0.110742
vt 0.475476 0.105450
vt 0.977834 0.497873
vt 0.312053 0.507358
vt 0.318952 0.507523
vt 0.354335 0.017321
vt 0.353823 0.007759
vt 0.357184 0.007764
vt 0.300593 0.507523
vt 0.481847 0.602506
vt 0.476408 0.606818
vt 0.475476 0.601526
vt 0.469878 0.858694
vt 0.477596 0.873012
vt 0.471254 0.869045
vt 0.310007 0.502036
vt 0.318952 0.992754
vt 0.312053 0.992919
vt 0.313374 0.982952
vt 0.316092 0.999994
vt 0.310007 0.998240
vt 0.304114 0.982952
vt 0.306193 0.992919
vt 0.300593 0.992754
vt 0.607336 0.974751
vt 0.560468 0.970181
vt 0.530039 0.452906
vt 0.607666 0.478720
vt 0.551618 0.468993
vt 0.359108 0.524165
vt 0.354541 0.516436
vt 0.267827 0.507531
vt 0.274150 0.507365
vt 0.273041 0.517327
vt 0.269847 0.500283
vt 0.275743 0.502036
vt 0.279653 0.507365
vt 0.273041 0.982955
vt 0.274150 0.992918
vt 0.267827 0.992752
vt 0.282046 0.517327
vt 0.348080 0.531485
vt 0.343514 0.527273
vt 0.348080 0.519544
vt 0.497227 0.422480
vt 0.492992 0.421541
vt 0.275743 0.998247
vt 0.279653 0.992918
vt 0.250364 0.517327
vt 0.248021 0.507365
vt 0.254108 0.507531
vt 0.235253 0.507531
vt 0.241980 0.507365
vt 0.240479 0.517327
vt 0.238549 0.500283
vt 0.244241 0.502036
vt 0.514618 0.049178
vt 0.522073 0.050636
vt 0.503159 0.072284
vt 0.240479 0.982956
vt 0.241980 0.992918
vt 0.235253 0.992752
vt 0.048387 0.982955
vt 0.254108 0.992752
vt 0.248021 0.992918
vt 0.250364 0.982956
vt 0.522074 0.445484
vt 0.524028 0.453157
vt 0.519736 0.453280
vt 0.244241 0.998247
vt 0.514618 0.446941
vt 0.503159 0.423835
vt 0.213939 0.507365
vt 0.220531 0.507531
vt 0.133745 0.982956
vt 0.200720 0.507531
vt 0.207591 0.507365
vt 0.205755 0.517327
vt 0.205165 0.500283
vt 0.210433 0.502036
vt 0.514618 0.545254
vt 0.522073 0.546711
vt 0.503159 0.568360
vt 0.207591 0.992918
vt 0.200720 0.992752
vt 0.220531 0.992752
vt 0.554606 0.475951
vt 0.550406 0.477133
vt 0.210433 0.998247
vt 0.180694 0.517327
vt 0.178716 0.507365
vt 0.185560 0.507531
vt 0.165554 0.507531
vt 0.172306 0.507365
vt 0.170206 0.517327
vt 0.170977 0.500283
vt 0.175620 0.502036
vt 0.165554 0.992752
vt 0.155459 0.992942
vt 0.154971 0.982956
vt 0.596895 0.001648
vt 0.337475 0.500283
vt 0.337475 0.533461
vt 0.170206 0.982956
vt 0.172306 0.992918
vt 0.185559 0.992752
vt 0.178716 0.992918
vt 0.180694 0.982956
vt 0.583883 0.484012
vt 0.587785 0.489988
vt 0.583823 0.492182
vt 0.175620 0.998247
vt 0.607162 0.503500
vt 0.613815 0.502953
vt 0.614287 0.512507
vt 0.005316 0.492515
vt 0.012588 0.500283
vt 0.000000 0.517327
vt 0.000776 0.507764
vt 0.007158 0.507341
vt 0.155775 0.507341
vt 0.155274 0.517327
vt 0.148604 0.517327
vt 0.606648 0.496119
vt 0.613454 0.497757
vt 0.613816 0.985317
vt 0.617142 0.985852
vt 0.149077 0.992519
vt 0.148301 0.982956
vt 0.001924 0.007764
vt 0.000303 0.982955
vt 0.007474 0.992942
vt 0.372274 0.825262
vt 0.372076 0.835248
vt 0.365026 0.834825
vt 0.613770 0.494481
vt 0.606964 0.496119
vt 0.613770 0.001638
vt 0.617458 0.006300
vt 0.614138 0.006833
vt 0.614614 0.479732
vt 0.614138 0.489286
vt 0.359078 0.482955
vt 0.357152 0.492520
vt 0.353792 0.492515
vt 0.354305 0.482949
vt 0.347067 0.492935
vt 0.617142 0.502419
vt 0.607488 0.007379
vt 0.614614 0.016387
vt 0.347099 0.007334
vt 0.346552 0.000000
vt 0.005284 0.007759
vt 0.012009 0.007334
vt 0.617458 0.489819
vt 0.764488 0.979074
vt 0.765006 0.988890
vt 0.756413 0.989634
vt 0.474666 0.850902
vt 0.466176 0.850703
vt 0.996691 0.978789
vt 1.000000 0.989328
vt 0.994240 0.988585
vt 0.956171 0.513446
vt 0.963550 0.502907
vt 0.766268 0.496415
vt 0.765006 0.503630
vt 0.756413 0.502887
vt 0.869863 0.989061
vt 0.862721 0.988638
vt 0.850046 0.979075
vt 0.856463 0.979075
vt 0.854721 0.988638
vt 0.617142 0.506106
vt 0.617446 0.496542
vt 0.624340 0.496119
vt 0.372274 0.663009
vt 0.365026 0.653445
vt 0.360937 0.338750
vt 0.359108 0.329186
vt 0.364915 0.329186
vt 0.862721 0.503883
vt 0.858204 0.503883
vt 0.861818 0.498715
vt 0.948437 0.513446
vt 0.756754 0.513446
vt 0.749515 0.513446
vt 0.749375 0.502907
vt 0.326413 0.507528
vt 0.332173 0.506784
vt 0.328864 0.517324
vt 0.459956 0.845155
vt 0.468646 0.844716
vt 0.624340 0.981720
vt 0.617446 0.981298
vt 0.617142 0.971734
vt 0.607336 0.513520
vt 0.614287 0.975763
vt 0.869863 0.503460
vt 0.372274 0.329186
vt 0.372076 0.339172
vt 0.365026 0.338750
vt 0.868580 0.496119
vt 0.854721 0.503883
vt 0.850204 0.503883
vt 0.851107 0.498715
vt 0.764488 0.513446
vt 0.956171 0.979074
vt 0.963410 0.979074
vt 0.963550 0.989614
vt 0.994240 0.503364
vt 1.000000 0.502621
vt 0.996691 0.513160
vt 0.948437 0.979074
vt 0.956512 0.989634
vt 0.741298 0.496119
vt 0.748192 0.496542
vt 0.748496 0.506106
vt 0.850046 0.513446
vt 0.748496 0.971734
vt 0.748192 0.981298
vt 0.741298 0.981720
vt 0.360937 0.653445
vt 0.858204 0.988638
vt 0.861818 0.993806
vt 0.295131 0.517327
vt 0.282046 0.982955
vt 0.474666 0.354826
vt 0.469878 0.362618
vt 0.466176 0.354627
vt 0.328864 0.982952
vt 0.332173 0.993492
vt 0.326413 0.992749
vt 0.756754 0.979074
vt 0.749375 0.989614
vt 0.466176 0.637568
vt 0.468646 0.643555
vt 0.360937 0.834825
vt 0.359108 0.825262
vt 0.372274 0.166933
vt 0.364915 0.166933
vt 0.365026 0.157370
vt 0.868580 0.996402
vt 0.843062 0.503460
vt 0.851107 0.993806
vt 0.741298 0.506106
vt 0.844345 0.496119
vt 0.012555 0.000000
vt 0.133745 0.517327
vt 0.964429 0.978789
vt 0.964429 0.513161
vt 0.476408 0.881453
vt 0.485344 0.875886
vt 0.116693 0.517327
vt 0.452137 0.157117
vt 0.481037 0.148769
vt 0.359108 0.166933
vt 0.360937 0.157370
vt 0.749515 0.979074
vt 0.189803 0.982956
vt 0.189803 0.517327
vt 0.346520 0.500283
vt 0.606964 0.000000
vt 0.989748 0.513161
vt 0.989748 0.978789
vt 0.607666 0.017399
vt 0.485344 0.116309
vt 0.530039 0.043213
vt 0.359108 0.017327
vt 0.011797 0.017318
vt 0.347311 0.017318
vt 0.372076 0.653023
vt 0.371532 0.645682
vt 0.451603 0.645977
vt 0.481037 0.347350
vt 0.468646 0.348640
vt 0.452138 0.339002
vt 0.624340 0.971734
vt 0.083452 0.982955
vt 0.372076 0.156947
vt 0.371532 0.149606
vt 0.451603 0.149902
vt 0.481037 0.843425
vt 0.452137 0.835078
vt 0.741298 0.971734
vt 0.452137 0.653193
vt 0.481037 0.644845
vt 0.451603 0.842293
vt 0.371532 0.842589
vt 0.842595 0.513446
vt 0.083452 0.517327
vt 0.296602 0.982952
vt 0.296602 0.517324
vt 0.842595 0.979075
vt 0.258764 0.517327
vt 0.476408 0.385377
vt 0.477597 0.376937
vt 0.485344 0.379810
vt 0.474666 0.141293
vt 0.477596 0.119183
vt 0.624340 0.506106
vt 0.451603 0.346217
vt 0.596895 0.497723
vt 0.353384 0.500283
vt 0.353606 0.538806
vt 0.146831 0.517327
vt 0.146831 0.982956
vt 0.225068 0.982956
vt 0.258764 0.982955
vt 0.022676 1.000000
vt 0.562906 0.509257
vt 0.583883 0.508183
vt 0.560468 0.518089
vt 0.116693 0.982955
vt 0.587785 0.006131
vt 0.583822 0.003937
vt 0.056864 1.000000
vt 0.136700 0.507531
vt 0.554606 0.020168
vt 0.551618 0.027126
vt 0.550405 0.018987
vt 0.544500 0.472305
vt 0.090249 1.000000
vt 0.524028 0.042963
vt 0.519735 0.042840
vt 0.531183 0.958454
vt 0.530038 0.948982
vt 0.121546 1.000000
vt 0.488859 0.578260
vt 0.479743 0.593758
vt 0.497227 0.073639
vt 0.496385 0.081732
vt 0.492992 0.074579
vt 0.285001 0.507531
vt 0.562906 0.482938
vt 0.560469 0.474106
vt 0.481847 0.885765
vt 0.475476 0.886744
vt 0.469878 0.133501
vt 0.471254 0.123150
vt 0.983919 0.496119
vt 0.471254 0.372969
vt 0.316092 0.500283
vt 0.469878 0.629576
vt 0.471254 0.619226
vt 0.475476 0.390669
vt 0.497227 0.569715
vt 0.496385 0.577807
vt 0.492992 0.570654
vt 0.295131 0.982955
vt 0.296602 0.992757
vt 0.285001 0.992752
vt 0.514618 0.943017
vt 0.503159 0.919910
vt 0.269847 1.000000
vt 0.148301 0.992757
vt 0.136700 0.992752
vt 0.488859 0.910010
vt 0.524028 0.539038
vt 0.519735 0.538915
vt 0.577354 0.985126
vt 0.238549 1.000000
vt 0.531184 0.033741
vt 0.554606 0.516244
vt 0.550405 0.515062
vt 0.205165 1.000000
vt 0.587785 0.502207
vt 0.583822 0.500013
vt 0.348080 0.500283
vt 0.170977 1.000000
vt 0.048387 0.517327
vt 0.466176 0.141492
vt 0.468646 0.147479
vt 0.963410 0.513446
vt 0.946657 0.996106
vt 0.947919 0.988890
vt 0.766268 0.996106
vt 0.006670 0.517327
vt 0.964429 0.496209
vt 0.556303 0.015580
vt 0.562906 0.013181
vt 0.342915 0.529462
vt 0.525043 0.533969
vt 0.531184 0.529816
vt 0.479743 0.398437
vt 0.472766 0.878614
vt 0.593279 0.982694
vt 0.593279 0.486618
vt 0.497505 0.068283
vt 0.502947 0.062537
vt 0.502947 0.433583
vt 0.497506 0.427836
vt 0.497505 0.564359
vt 0.502947 0.558612
vt 0.005701 0.497688
vt 0.149393 0.507764
vt 0.001092 0.992519
vt 0.353439 0.002596
vt 0.748496 0.496209
vt 0.459956 0.643115
vt 0.001955 0.492520
vt 0.005669 0.002596
vt 0.353407 0.497688
vt 0.593279 0.009501
vt 0.371532 0.346513
vt 0.348080 0.535040
vt 0.577354 0.503144
vt 0.556303 0.511655
vt 0.148301 0.507526
vt 0.593279 0.505577
vt 0.531184 0.462379
vt 0.525044 0.458226
vt 0.525043 0.954302
vt 0.544499 0.968380
vt 0.296602 0.507526
vt 0.556303 0.480540
vt 0.577355 0.489051
vt 0.472766 0.113580
vt 0.472766 0.382539
vt 0.472766 0.609656
vt 0.502946 0.929658
vt 0.497505 0.923911
vt 0.479742 0.894512
vt 0.562906 0.979014
vt 0.556303 0.976615
vt 0.544499 0.023815
vt 0.525043 0.037893
vt 0.459956 0.349080
vt 0.359108 0.533630
vt 0.459956 0.147040
vt 0.964429 0.996311
vt 0.748496 0.996311
vn -0.475400 -0.879700 -0.000000
vn 0.000000 0.258400 0.966000
vn -0.838100 0.205600 0.505200
vn -0.885900 0.138000 0.442900
vn -0.868600 0.164300 0.467500
vn -0.891500 -0.095800 0.442800
vn -0.001400 -0.671600 -0.740900
vn -0.001800 -0.965200 -0.261600
vn -0.894400 0.447200 0.000000
vn 0.000000 0.707100 0.707100
vn 0.000000 0.431100 -0.902300
vn 0.000000 0.407000 -0.913400
vn -0.986700 0.153700 -0.053100
vn -0.988800 0.146600 -0.027100
vn -0.987200 0.152000 -0.047300
vn -0.390900 0.050000 0.919100
vn -0.243100 0.879600 -0.408900
vn -0.390800 0.305600 0.868300
vn -0.869700 0.289400 0.399800
vn -0.760700 0.126600 0.636600
vn 0.390900 0.050000 0.919100
vn 0.869700 -0.114400 0.480200
vn 0.390900 0.305600 0.868300
vn 0.885700 0.139700 -0.442800
vn 0.760700 0.126600 0.636600
vn -0.390800 0.228300 0.891700
vn 0.328300 0.361500 -0.872700
vn 0.328400 0.361400 -0.872700
vn 0.328400 0.361500 -0.872700
vn -0.390900 0.469100 0.792000
vn -0.869700 0.361900 0.335700
vn -0.760700 0.248400 0.599700
vn 0.000000 0.125200 0.992100
vn 0.000000 0.160000 0.987100
vn 0.000000 0.160300 0.987100
vn 0.390900 0.469100 0.792000
vn -0.328400 0.361500 0.872600
vn -0.328300 0.361500 0.872700
vn 0.390800 0.228300 0.891700
vn 0.869700 -0.018500 0.493200
vn 0.760700 0.248400 0.599700
vn 0.897000 0.135300 0.420800
vn 0.899100 0.139800 0.414800
vn 0.899100 0.114200 0.422600
vn -0.390800 0.397900 0.830000
vn -0.390800 0.614600 0.685200
vn -0.869700 0.420400 0.258700
vn -0.760700 0.360600 0.539700
vn 0.895000 0.044500 -0.443900
vn 0.897500 0.034600 -0.439700
vn 0.892700 0.057200 -0.446900
vn 0.390900 0.614600 0.685200
vn 0.390800 0.397900 0.830000
vn 0.869700 0.078100 0.487400
vn 0.760700 0.360600 0.539700
vn -0.897000 0.214800 -0.386300
vn -0.899100 0.218100 -0.379500
vn -0.899100 0.194400 -0.392200
vn -0.390900 0.552200 0.736400
vn -0.390800 0.736500 0.552200
vn -0.869700 0.462700 0.171700
vn -0.760700 0.458900 0.459000
vn 0.897000 0.346300 0.274700
vn 0.893300 0.349700 0.282200
vn 0.893800 0.348000 0.282900
vn 0.897000 0.346300 -0.274700
vn 0.893300 0.349700 -0.282300
vn 0.899100 0.346700 -0.267200
vn 0.390800 0.736400 0.552200
vn 0.390800 0.552200 0.736400
vn 0.869700 0.171700 0.462800
vn 0.760700 0.459000 0.459000
vn -0.338500 0.744400 0.575500
vn -0.000000 0.956100 -0.293000
vn -0.338500 0.919900 0.198100
vn -0.862000 0.506900 0.000800
vn -0.738100 0.611900 0.284400
vn 0.338500 0.919900 0.198100
vn -0.243100 0.879600 0.408900
vn 0.338500 0.744400 0.575500
vn 0.862000 0.327400 0.387000
vn 0.738100 0.611800 0.284400
vn -0.338500 0.919900 -0.198100
vn 0.429600 -0.606400 0.669100
vn -0.338600 0.744400 -0.575500
vn -0.862000 0.327400 -0.387000
vn -0.894400 0.439800 0.081300
vn -0.893300 0.441200 0.085400
vn -0.893800 0.440600 0.083700
vn -0.738100 0.611900 -0.284400
vn 0.338600 0.919900 -0.198100
vn 0.862000 0.506900 -0.000800
vn 0.338600 0.744400 -0.575500
vn 0.738100 0.611800 -0.284400
vn -0.993800 0.023300 0.108400
vn -0.993100 0.030000 0.113400
vn -0.995800 0.034600 0.085100
vn 0.997500 0.037200 -0.060000
vn 0.993800 0.023100 -0.108400
vn 0.997100 0.032500 -0.068400
vn -0.390800 0.736500 -0.552200
vn -0.390800 0.552200 -0.736400
vn -0.869700 0.171700 -0.462800
vn -0.760700 0.458900 -0.459000
vn 0.390900 0.552200 -0.736400
vn -0.328300 0.667900 -0.667900
vn -0.328400 0.667900 -0.667900
vn 0.390800 0.736400 -0.552200
vn 0.869700 0.462800 -0.171700
vn 0.760700 0.459000 -0.459000
vn -0.390800 0.614600 -0.685200
vn 0.243100 0.879600 0.408900
vn -0.390800 0.397900 -0.830000
vn -0.869700 0.078100 -0.487400
vn -0.760700 0.360600 -0.539700
vn 0.897000 0.286000 0.337000
vn 0.899100 0.287900 0.329700
vn 0.899100 0.267200 0.346700
vn 0.390800 0.397900 -0.830000
vn 0.000000 0.333200 0.942800
vn 0.000000 0.358100 0.933700
vn 0.390800 0.614600 -0.685200
vn 0.869700 0.420400 -0.258700
vn 0.760700 0.360600 -0.539700
vn 0.897000 0.286000 -0.337000
vn 0.899100 0.267200 -0.346700
vn 0.899100 0.287900 -0.329700
vn -0.390900 0.469100 -0.791900
vn -0.328300 0.667900 0.667900
vn -0.328600 0.667900 0.667800
vn -0.390800 0.228300 -0.891700
vn -0.869700 -0.018500 -0.493200
vn -0.760800 0.248400 -0.599600
vn -0.897000 0.286000 -0.337000
vn -0.899100 0.287900 -0.329700
vn -0.899100 0.267200 -0.346700
vn 0.390800 0.228300 -0.891700
vn -0.328400 0.361500 -0.872700
vn -0.328300 0.361500 -0.872700
vn 0.390900 0.469100 -0.791900
vn 0.869700 0.361900 -0.335700
vn 0.760700 0.248400 -0.599700
vn -0.390800 0.305500 -0.868300
vn 0.328400 0.361500 0.872600
vn 0.328300 0.361500 0.872700
vn -0.390800 0.050000 -0.919100
vn -0.869700 -0.114300 -0.480200
vn -0.760700 0.126600 -0.636600
vn 0.465600 0.109700 -0.878200
vn 0.473200 0.106000 -0.874600
vn 0.471000 0.107000 -0.875600
vn 0.895000 0.044500 0.443900
vn 0.892700 0.057200 0.446900
vn 0.897500 0.034600 0.439700
vn 0.390800 0.050000 -0.919100
vn -0.328400 0.184300 -0.926400
vn -0.328300 0.184300 -0.926400
vn 0.390800 0.305500 -0.868300
vn 0.869700 0.289400 -0.399900
vn 0.760700 0.126600 -0.636600
vn -0.983400 -0.122000 -0.134600
vn -0.982400 -0.125600 -0.138600
vn -0.891600 -0.431100 -0.138700
vn 0.485400 -0.154000 0.860600
vn 0.492400 -0.158000 0.855900
vn 0.478200 -0.149900 0.865400
vn -0.478800 -0.149800 -0.865000
vn -0.472300 -0.146100 -0.869300
vn -0.486100 -0.153900 -0.860300
vn -0.891500 -0.095800 -0.442800
vn -0.831600 -0.372900 0.411500
vn 0.478200 -0.149900 -0.865400
vn 0.492400 -0.158000 -0.855900
vn 0.485400 -0.154000 -0.860600
vn 0.429600 -0.606400 -0.669100
vn -0.486100 -0.153900 0.860200
vn -0.472300 -0.146100 0.869200
vn -0.478900 -0.149800 0.865000
vn -0.981600 0.135100 0.135100
vn -0.981600 0.139000 0.131300
vn 0.891400 -0.095900 -0.443000
vn 0.831200 -0.373400 0.412000
vn 0.983300 -0.122100 -0.134700
vn 0.982300 -0.125600 -0.138600
vn -0.431500 -0.605800 0.668400
vn -0.486900 -0.840600 0.237400
vn -0.493900 -0.835500 0.240900
vn -0.479700 -0.845700 0.233800
vn -0.831600 -0.372900 -0.411500
vn 0.983300 -0.122100 0.134700
vn 0.982300 -0.125600 0.138600
vn 0.983300 -0.122000 0.134700
vn 0.891300 -0.431700 0.138900
vn 0.477300 -0.847000 0.234100
vn 0.491500 -0.836800 0.241300
vn 0.484600 -0.841800 0.237800
vn 0.484600 -0.841800 -0.237800
vn 0.491500 -0.836800 -0.241300
vn 0.477300 -0.847000 -0.234100
vn 0.831200 -0.373400 -0.412000
vn 0.509700 0.225000 -0.830400
vn 0.504400 0.222500 -0.834300
vn 0.516600 0.228200 -0.825300
vn -0.934500 0.276100 0.224500
vn -0.577500 0.670100 0.466200
vn -0.518800 0.460100 0.720600
vn -0.868600 0.164300 -0.467500
vn -0.885900 0.138000 -0.442900
vn -0.838100 0.205600 -0.505200
vn 0.465400 0.232700 0.854000
vn 0.479400 0.239700 0.844200
vn 0.472800 0.236400 0.848800
vn 0.407500 0.645700 -0.645700
vn -0.472800 0.848800 -0.236400
vn -0.479400 0.844200 -0.239700
vn -0.465400 0.854000 -0.232700
vn -0.328300 0.524800 0.785400
vn -0.981600 0.135100 -0.135100
vn -0.981600 0.131300 -0.139000
vn 0.885700 0.442800 -0.139700
vn -0.816500 0.408200 0.408300
vn -0.509700 0.225000 0.830400
vn -0.504400 0.222500 0.834300
vn -0.516600 0.228200 0.825300
vn -0.640200 0.491300 -0.590600
vn -0.577500 0.670100 -0.466200
vn -0.889200 0.253800 0.380700
vn -0.889800 0.245100 0.385000
vn -0.889000 0.256700 0.379200
vn 0.465400 0.854000 -0.232700
vn 0.479400 0.844200 -0.239700
vn 0.472800 0.848800 -0.236400
vn -0.991100 -0.132800 -0.000000
vn -0.472800 0.236400 0.848800
vn -0.479400 0.239700 0.844200
vn -0.465400 0.232700 0.854000
vn -0.000000 0.906800 -0.421500
vn 0.981600 0.135100 -0.135100
vn 0.981600 0.139000 -0.131300
vn -0.885700 0.139700 0.442800
vn -0.816500 0.408200 -0.408300
vn -0.509700 0.225000 -0.830400
vn -0.522200 0.230800 -0.821000
vn -0.516600 0.228200 -0.825300
vn 0.640200 0.491300 0.590600
vn 0.577500 0.670100 0.466200
vn 0.509700 0.225000 0.830400
vn 0.522200 0.230800 0.821000
vn 0.516600 0.228200 0.825300
vn -0.465400 0.854000 0.232700
vn -0.479400 0.844200 0.239700
vn -0.472800 0.848800 0.236400
vn -0.407500 0.645700 -0.645700
vn 0.472800 0.848800 0.236400
vn 0.479400 0.844200 0.239700
vn 0.465400 0.854000 0.232700
vn -0.885700 0.442800 -0.139700
vn 0.816500 0.408200 0.408300
vn -0.983400 -0.122000 0.134600
vn -0.982400 -0.125600 0.138600
vn 0.000000 0.756400 -0.654100
vn 0.000000 0.732200 -0.681000
vn 0.000000 0.732300 -0.681000
vn 0.472800 0.236400 -0.848800
vn 0.479400 0.239700 -0.844200
vn 0.465400 0.232700 -0.854000
vn 0.934500 0.276100 -0.224500
vn 0.577500 0.670100 -0.466200
vn 0.518800 0.460100 -0.720500
vn -0.889200 0.253800 -0.380700
vn -0.888300 0.265400 -0.374800
vn -0.889000 0.256700 -0.379200
vn -0.885700 0.442800 0.139700
vn 0.981600 0.135100 0.135100
vn 0.981600 0.131300 0.139000
vn 0.885700 0.139700 0.442800
vn -0.465400 0.232700 -0.854000
vn -0.479400 0.239700 -0.844200
vn -0.472800 0.236400 -0.848800
vn 0.816500 0.408200 -0.408300
vn -0.991200 0.132600 0.000000
vn -0.431500 -0.605800 -0.668400
vn -0.328300 0.524800 -0.785400
vn 0.000000 0.966000 0.258400
vn 0.328400 0.184300 -0.926400
vn 0.328300 0.184300 -0.926400
vn -0.885700 0.139700 -0.442800
vn 0.891300 -0.431700 -0.138900
vn 0.328300 0.667900 0.667900
vn 0.328400 0.667900 -0.667900
vn 0.328300 0.667900 -0.667900
vn 0.328300 0.524800 -0.785400
vn 0.328400 0.184300 0.926400
vn 0.000000 0.840300 0.542100
vn -0.984500 0.159200 0.074000
vn -0.987200 0.152000 0.047300
vn -0.986700 0.153700 0.053100
vn 0.000000 0.688100 0.725600
vn 0.000000 0.668700 0.743600
vn -0.931000 0.039500 0.362900
vn 0.979300 0.083800 0.184400
vn 0.989800 -0.000500 0.142200
vn 0.885700 0.442800 0.139700
vn 0.000000 0.906800 0.421500
vn 0.000000 0.707100 -0.707100
vn 0.000000 0.639500 -0.768800
vn 0.000000 0.270600 0.962700
vn -0.000500 -0.165800 -0.986200
vn -0.328400 0.184300 0.926400
vn -0.328300 0.184300 0.926400
vn 0.000000 0.314800 -0.949200
vn 0.000000 0.270600 -0.962700
vn -0.891600 -0.431100 0.138700
vn 0.000000 0.265600 0.964100
vn 0.891400 -0.095900 0.443000
vn 0.243100 0.879600 -0.408900
vn 0.000000 0.897400 0.441300
vn 0.000000 0.956100 0.293000
vn -0.466100 0.110200 0.877900
vn -0.473100 0.106600 0.874500
vn -0.471100 0.107700 0.875500
vn 0.993800 0.023100 0.108400
vn 0.993600 0.083400 0.076700
vn 0.997500 0.037200 0.060000
vn -0.001800 -0.965200 0.261600
vn -0.001400 -0.671600 0.740900
vn 0.894300 -0.447500 -0.000000
vn -0.001800 -1.000000 -0.000000
vn 0.991100 -0.132800 -0.000000
vn 0.991100 -0.132900 -0.000000
vn -0.894600 -0.446900 -0.000000
vn -0.407500 0.645700 0.645700
vn 0.473000 -0.000100 0.881100
vn 0.471800 -0.000000 0.881700
vn 0.516300 -0.002000 0.856400
vn -0.894400 -0.001500 -0.447200
vn 0.979500 0.080400 -0.184900
vn 0.987100 0.069200 -0.144600
vn -0.979500 0.005700 -0.201300
vn 0.000000 0.966000 -0.258400
vn -0.000000 0.510800 0.859700
vn -0.000000 0.533300 0.845900
vn -0.000000 0.533400 0.845900
vn 0.894400 -0.001500 0.447200
vn -0.979500 0.080400 0.184900
vn -0.987100 0.069200 0.144600
vn 0.979500 0.005700 0.201300
vn 0.473000 -0.881100 -0.000000
vn 0.471800 0.881700 0.000000
vn 0.000000 -0.000000 1.000000
vn 0.931000 0.039500 -0.362900
vn -0.979300 0.083800 -0.184500
vn -0.989800 -0.000500 -0.142200
vn -0.894400 -0.001500 0.447200
vn -0.473000 -0.000100 -0.881100
vn -0.471800 0.000000 -0.881700
vn -0.516300 -0.002000 -0.856400
vn 0.000000 0.448600 0.893800
vn 0.000000 0.840300 -0.542100
vn 0.000000 0.000000 -1.000000
vn 0.991200 0.132600 0.000000
vn 0.000000 0.897400 -0.441300
vn 0.473000 -0.000100 -0.881100
vn 0.517400 -0.002100 -0.855700
vn 0.516300 -0.002000 -0.856400
vn 1.000000 -0.000000 0.000000
vn 0.000000 0.639500 0.768800
vn 0.894400 0.447200 0.000000
vn 0.000000 0.577400 -0.816500
vn 0.000000 0.598800 -0.800900
vn 0.000000 0.258400 -0.966000
vn 0.516600 0.841900 -0.156000
vn 0.984500 0.159200 -0.074000
vn 0.987200 0.152000 -0.047300
vn 0.986700 0.153700 -0.053100
vn -0.516600 0.841900 -0.156000
vn 0.986700 0.153700 0.053100
vn 0.988800 0.146600 0.027100
vn 0.987200 0.152000 0.047300
vn 0.516600 0.841900 0.156000
vn -0.516600 0.841900 0.156000
vn -0.516300 -0.002000 0.856400
vn -0.471800 -0.000000 0.881700
vn -0.473000 -0.000100 0.881100
vn 0.328400 0.524800 0.785400
vn 0.328300 0.524800 0.785400
vn 0.000000 1.000000 0.000000
vn 0.894400 -0.001500 -0.447200
vn 0.000000 0.221000 -0.975300
vn 0.000000 0.246700 -0.969100
vn -0.894900 0.044700 -0.444000
vn -0.892700 0.057500 -0.447000
vn -0.897400 0.034700 -0.439800
vn 0.000000 0.124700 -0.992200
vn 0.000000 0.125200 -0.992100
vn -0.471800 0.881700 0.000000
vn -0.000000 0.756400 0.654100
vn 0.407500 0.645700 0.645700
vn 0.000000 0.493900 -0.869500
vn 0.000000 0.654100 -0.756400
vn -0.869700 -0.114400 0.480200
vn -0.897000 0.121300 -0.425000
vn -0.899100 0.139800 -0.414800
vn -0.899100 0.114200 -0.422600
vn -0.000000 0.614300 0.789100
vn 0.869700 0.289400 0.399900
vn -0.869700 -0.018500 0.493200
vn 0.471000 0.274700 -0.838300
vn 0.492800 0.226600 -0.840100
vn 0.502300 0.244200 -0.829500
vn 0.508600 0.663400 0.548900
vn 0.463200 0.670400 0.579700
vn 0.471000 0.669400 0.574500
vn 0.869700 0.361900 0.335700
vn -0.492800 0.530800 -0.689500
vn -0.471000 0.574600 -0.669400
vn -0.502300 0.543000 -0.673000
vn -0.993600 0.083400 -0.076800
vn -0.994900 0.066700 -0.075200
vn -0.996800 0.044600 -0.065900
vn 0.897000 0.214800 -0.386300
vn 0.899100 0.194400 -0.392200
vn 0.899100 0.218100 -0.379500
vn -0.869700 0.078100 0.487400
vn -0.492800 0.226600 -0.840100
vn -0.471000 0.274700 -0.838300
vn -0.502300 0.244200 -0.829500
vn 0.869700 0.420400 0.258700
vn -0.897000 0.201900 0.393200
vn -0.899100 0.194400 0.392200
vn -0.899100 0.218000 0.379500
vn -0.869700 0.171700 0.462800
vn 0.471000 0.398500 0.787000
vn 0.492800 0.433900 0.754200
vn 0.502300 0.413900 0.759200
vn 0.471000 0.544400 0.694100
vn 0.492800 0.572700 0.655100
vn 0.502300 0.554100 0.663900
vn -0.897000 0.346300 -0.274700
vn -0.893300 0.349700 -0.282200
vn -0.893800 0.348000 -0.282900
vn 0.869700 0.462800 0.171700
vn -0.508600 0.663400 -0.548900
vn -0.463200 0.670400 -0.579700
vn -0.471000 0.669400 -0.574500
vn 0.471000 0.432900 -0.768600
vn 0.492800 0.386100 -0.779800
vn 0.502300 0.401300 -0.766000
vn 0.897000 0.121300 -0.425000
vn 0.899100 0.114200 -0.422600
vn 0.899100 0.139800 -0.414800
vn -0.862000 0.327400 0.387000
vn -0.439500 0.754800 0.486900
vn 0.894400 0.439800 0.081300
vn 0.893800 0.440600 0.083700
vn 0.893300 0.441200 0.085400
vn 0.862000 0.506900 0.000800
vn 0.439500 0.754800 0.486900
vn 0.894400 0.439800 -0.081400
vn 0.893300 0.441200 -0.085400
vn 0.893800 0.440600 -0.083700
vn -0.439600 0.754800 -0.486900
vn -0.862000 0.506900 -0.000800
vn -0.894400 0.439800 -0.081400
vn -0.893800 0.440600 -0.083700
vn -0.893300 0.441200 -0.085400
vn 0.862000 0.327400 -0.387000
vn 0.439600 0.754800 -0.486900
vn -0.869700 0.462700 -0.171700
vn 0.508600 0.663400 -0.548900
vn 0.516700 0.661900 -0.543100
vn 0.471000 0.669400 -0.574500
vn -0.897000 0.286000 0.337000
vn -0.899100 0.267200 0.346700
vn -0.899100 0.287900 0.329700
vn 0.869700 0.171700 -0.462800
vn -0.508600 0.663400 0.548900
vn -0.516600 0.661900 0.543100
vn -0.471000 0.669400 0.574600
vn -0.897000 0.346300 0.274700
vn -0.893300 0.349700 0.282200
vn -0.899100 0.346700 0.267200
vn -0.869700 0.420400 -0.258700
vn 0.471000 0.574600 -0.669400
vn 0.492800 0.530800 -0.689500
vn 0.502300 0.543000 -0.673000
vn -0.492800 0.572700 0.655100
vn -0.471000 0.544400 0.694100
vn -0.502300 0.554100 0.663900
vn -0.897000 0.135300 0.420800
vn -0.899100 0.114200 0.422600
vn -0.899100 0.139800 0.414800
vn 0.869700 0.078100 -0.487400
vn -0.492800 0.386100 -0.779800
vn -0.471000 0.432900 -0.768600
vn -0.502300 0.401300 -0.766000
vn -0.502300 0.413900 0.759200
vn -0.492800 0.433900 0.754200
vn -0.471000 0.398500 0.787000
vn 0.897000 0.201900 0.393200
vn 0.899100 0.218000 0.379500
vn 0.899100 0.194400 0.392200
vn 0.889000 0.256700 -0.379200
vn 0.888300 0.265400 -0.374800
vn 0.889200 0.253800 -0.380600
vn -0.869700 0.361800 -0.335700
vn 0.869700 -0.018500 -0.493200
vn -0.869700 0.289400 -0.399900
vn -0.502300 0.257900 0.825400
vn -0.492800 0.278400 0.824400
vn -0.471000 0.237300 0.849600
vn -0.479700 -0.845700 -0.233800
vn -0.493900 -0.835500 -0.240900
vn -0.486900 -0.840600 -0.237400
vn -0.894900 0.044700 0.444000
vn -0.897400 0.034700 0.439800
vn -0.892700 0.057500 0.447000
vn 0.869700 -0.114300 -0.480200
vn 0.471000 0.237300 0.849600
vn 0.492800 0.278400 0.824400
vn 0.502300 0.257900 0.825400
vn 0.889200 0.253800 0.380700
vn 0.888300 0.265400 0.374800
vn 0.889000 0.256700 0.379200
vn -0.669200 0.666800 0.327900
vn -0.640200 0.491300 0.590600
vn -0.518800 0.460100 -0.720600
vn -0.669200 0.666800 -0.327900
vn -0.934500 0.276100 -0.224500
vn 0.868600 0.164300 0.467500
vn 0.885900 0.138000 0.442900
vn 0.838100 0.205600 0.505200
vn 0.518800 0.460100 0.720600
vn 0.669200 0.666800 0.327900
vn 0.934500 0.276100 0.224500
vn 0.838100 0.205600 -0.505300
vn 0.885900 0.138000 -0.442900
vn 0.868600 0.164300 -0.467500
vn 0.669200 0.666800 -0.327900
vn 0.640200 0.491300 -0.590600
vn -0.466000 0.110200 -0.877900
vn -0.464700 0.110900 -0.878500
vn -0.471000 0.107700 -0.875500
vn 0.465600 0.109700 0.878200
vn 0.464200 0.110400 0.878800
vn 0.471000 0.107000 0.875600
vn -1.000000 0.000000 0.000000
vn -0.000500 -0.165800 0.986200
vn -0.439500 0.858800 0.263100
vn 0.439500 0.858800 0.263100
vn -0.439500 0.858800 -0.263200
vn 0.439600 0.858800 -0.263100
vn -0.825600 0.221200 0.519100
vn 0.000000 0.382700 -0.923900
vn -0.984500 0.159200 -0.074000
vn -0.984500 0.159400 -0.073600
vn -0.243000 0.879600 -0.408900
vn 0.000000 0.195100 0.980800
vn 0.000000 0.124700 0.992200
vn 0.903000 0.148500 0.403100
vn 0.903000 0.100500 0.417700
vn 0.897000 0.121300 0.425000
vn 0.893700 0.058300 -0.444800
vn 0.903000 0.017100 -0.429300
vn -0.903000 0.224300 -0.366400
vn -0.903000 0.180000 -0.390100
vn -0.897000 0.201900 -0.393200
vn 0.892300 0.353300 0.280900
vn 0.903000 0.347500 0.252700
vn 0.899100 0.346700 0.267200
vn 0.893800 0.348000 -0.282900
vn 0.903000 0.347500 -0.252700
vn 0.892300 0.353300 -0.280900
vn -0.892300 0.442500 0.089000
vn -0.894400 0.439800 0.081400
vn -0.994900 0.066700 0.075200
vn -0.983500 0.128000 0.128000
vn -0.992200 0.089100 0.087600
vn -0.997500 0.037300 0.060100
vn -0.983500 0.100500 0.150500
vn -0.996800 0.044600 0.065900
vn -0.993600 0.083400 0.076800
vn -0.988800 0.115400 0.094600
vn -0.990600 0.026100 0.134500
vn -0.983500 0.035300 0.177500
vn -0.991000 0.021400 0.132200
vn -0.997100 0.032700 0.068700
vn -0.983500 0.069300 0.167200
vn 0.995800 0.034500 -0.084800
vn 0.983500 0.069300 -0.167200
vn 0.990600 0.026000 -0.134200
vn 0.983500 0.035300 -0.177500
vn 0.993200 0.029800 -0.112900
vn 0.983500 0.100500 -0.150500
vn 0.996800 0.044600 -0.065900
vn 0.991000 0.021300 -0.132200
vn 0.993600 0.083400 -0.076700
vn 0.992200 0.089100 -0.087600
vn 0.988800 0.115400 -0.094600
vn 0.994900 0.066700 -0.075200
vn 0.983500 0.128000 -0.128000
vn 0.903000 0.291500 0.315600
vn 0.903000 0.252700 0.347500
vn 0.897000 0.274700 0.346300
vn 0.000000 0.382700 0.923900
vn 0.897000 0.274700 -0.346300
vn 0.903000 0.252700 -0.347500
vn 0.903000 0.291500 -0.315600
vn -0.328400 0.667900 0.667900
vn -0.903000 0.291500 -0.315600
vn -0.903000 0.252700 -0.347500
vn -0.897000 0.274700 -0.346300
vn 0.464200 0.110400 -0.878800
vn 0.893800 0.058300 0.444800
vn 0.903000 0.017100 0.429300
vn -0.984300 -0.118600 -0.130800
vn 0.471600 -0.146200 0.869600
vn -0.493000 -0.157900 -0.855600
vn 0.471600 -0.146200 -0.869600
vn -0.493000 -0.157900 0.855600
vn -0.981600 0.131300 0.139000
vn 0.984300 -0.118600 -0.130900
vn -0.473200 -0.850300 0.230500
vn 0.984300 -0.118600 0.130900
vn 0.470700 -0.851600 0.230800
vn 0.470700 -0.851600 -0.230800
vn 0.522200 0.230800 -0.821000
vn -0.825600 0.221200 -0.519100
vn 0.459200 0.229600 0.858200
vn -0.459200 0.858200 -0.229600
vn -0.981600 0.139000 -0.131300
vn -0.522200 0.230800 0.821000
vn -0.888300 0.265400 0.374800
vn 0.459200 0.858200 -0.229600
vn -0.459200 0.229600 0.858200
vn 0.981600 0.131300 -0.139000
vn -0.504400 0.222500 -0.834300
vn 0.504400 0.222500 0.834300
vn -0.459200 0.858200 0.229600
vn 0.459200 0.858200 0.229600
vn -0.984300 -0.118600 0.130800
vn 0.459200 0.229600 -0.858200
vn -0.889800 0.245100 -0.385000
vn 0.981600 0.139000 0.131300
vn -0.459200 0.229600 -0.858200
vn -0.988800 0.146600 0.027100
vn -0.984500 0.159400 0.073600
vn 0.987100 0.069200 0.144600
vn 0.991000 0.071900 0.113200
vn 0.991200 -0.001200 0.132600
vn -0.464800 0.110900 0.878500
vn 0.996800 0.044600 0.065900
vn 0.983500 0.100500 0.150500
vn 0.992200 0.089100 0.087600
vn 0.983500 0.128000 0.128000
vn 0.994900 0.066700 0.075200
vn 0.997100 0.032500 0.068400
vn 0.983500 0.069300 0.167200
vn 0.995800 0.034500 0.084800
vn 0.988800 0.115400 0.094600
vn 0.990600 0.026000 0.134200
vn 0.991000 0.021300 0.132200
vn 0.993200 0.029800 0.112900
vn 0.983500 0.035300 0.177500
vn 0.517400 -0.002100 0.855700
vn 0.989800 0.013600 -0.141700
vn 0.991100 0.013200 -0.132600
vn 0.991000 0.071900 -0.113200
vn -0.000000 0.555600 0.831500
vn -0.989800 0.013600 0.141700
vn -0.991100 0.013200 0.132600
vn -0.991000 0.071900 0.113200
vn -0.987100 0.069200 -0.144600
vn -0.991000 0.071900 -0.113300
vn -0.991200 -0.001200 -0.132600
vn -0.517400 -0.002100 -0.855700
vn 0.471800 0.000000 -0.881700
vn 0.000000 0.555600 -0.831500
vn 0.988800 0.146600 -0.027100
vn 0.984500 0.159400 -0.073600
vn 0.984500 0.159200 0.074000
vn 0.984500 0.159400 0.073600
vn -0.517400 -0.002100 0.855700
vn 0.000000 0.195100 -0.980800
vn -0.893700 0.058800 -0.444800
vn -0.903000 0.017100 -0.429300
vn -0.897000 0.135300 -0.420800
vn -0.903000 0.148500 -0.403100
vn -0.903000 0.100400 -0.417700
vn 0.481600 0.216200 -0.849300
vn 0.463200 0.279000 -0.841200
vn 0.516600 0.661900 0.543100
vn -0.463200 0.579700 -0.670400
vn -0.481600 0.524800 -0.701900
vn -0.993100 0.030000 -0.113400
vn -0.983500 0.035300 -0.177500
vn -0.990600 0.026100 -0.134500
vn -0.997100 0.032700 -0.068700
vn -0.983500 0.069300 -0.167200
vn -0.995800 0.034600 -0.085100
vn -0.993800 0.023300 -0.108400
vn -0.991000 0.021400 -0.132200
vn -0.997500 0.037300 -0.060100
vn -0.992200 0.089100 -0.087600
vn -0.983500 0.128000 -0.128000
vn -0.988800 0.115400 -0.094600
vn -0.983500 0.100500 -0.150500
vn 0.897000 0.201900 -0.393200
vn 0.903000 0.180000 -0.390100
vn 0.903000 0.224300 -0.366400
vn -0.463200 0.279000 -0.841200
vn -0.481600 0.216200 -0.849300
vn -0.903000 0.180000 0.390100
vn -0.903000 0.224300 0.366400
vn -0.897000 0.214800 0.386300
vn 0.481600 0.447600 0.753400
vn 0.463100 0.397500 0.792100
vn 0.481600 0.586000 0.651600
vn 0.463200 0.544400 0.699300
vn -0.892300 0.353300 -0.280900
vn -0.903000 0.347500 -0.252700
vn -0.899100 0.346700 -0.267200
vn -0.516700 0.661900 -0.543100
vn 0.481600 0.377800 -0.790800
vn 0.463100 0.437800 -0.770600
vn 0.903000 0.100500 -0.417700
vn 0.903000 0.148500 -0.403100
vn 0.897000 0.135300 -0.420800
vn 0.892300 0.442500 0.089000
vn 0.894400 0.439800 0.081400
vn 0.892300 0.442500 -0.089000
vn -0.892300 0.442500 -0.089000
vn 0.463200 0.670400 -0.579700
vn -0.897000 0.274700 0.346300
vn -0.903000 0.252700 0.347500
vn -0.903000 0.291500 0.315600
vn -0.463100 0.670400 0.579700
vn -0.893800 0.348000 0.282900
vn -0.903000 0.347500 0.252700
vn -0.892300 0.353300 0.280900
vn 0.481600 0.524800 -0.701900
vn 0.463200 0.579700 -0.670400
vn -0.463200 0.544400 0.699300
vn -0.481600 0.586000 0.651600
vn -0.897000 0.121300 0.425000
vn -0.903000 0.100500 0.417700
vn -0.903000 0.148500 0.403100
vn -0.463100 0.437800 -0.770600
vn -0.481600 0.377800 -0.790800
vn -0.463100 0.397500 0.792100
vn -0.481600 0.447600 0.753400
vn 0.897000 0.214800 0.386300
vn 0.903000 0.224300 0.366400
vn 0.903000 0.180000 0.390100
vn 0.889800 0.245100 -0.385000
vn -0.463200 0.235400 0.854400
vn -0.481600 0.292000 0.826300
vn -0.473200 -0.850300 -0.230500
vn -0.893700 0.058800 0.444800
vn -0.903000 0.017100 0.429300
vn 0.481600 0.292000 0.826300
vn 0.463200 0.235400 0.854400
vn 0.889800 0.245100 0.385000
vn 0.825600 0.221200 0.519100
vn 0.825600 0.221200 -0.519100
vn -0.473100 0.106600 -0.874500
vn 0.473200 0.106000 0.874600
usemtl None
s 1
f 248/1/1 333/2/1 18/3/1
f 267/4/2 19/5/2 340/6/2
f 259/7/3 258/8/4 261/9/5
f 228/10/6 230/11/6 223/12/6
f 246/13/7 245/14/7 255/15/7
f 333/2/8 246/13/8 254/16/8
f 287/17/9 293/18/9 273/19/9
f 270/20/10 267/4/10 306/21/10
f 11/22/11 200/23/12 190/24/12
f 137/25/13 282/26/14 138/27/15
f 42/28/16 41/29/16 40/30/16
f 129/31/17 132/32/17 133/33/17
f 45/34/18 44/35/18 43/36/18
f 39/37/19 38/38/19 44/39/19
f 38/40/20 41/29/20 44/35/20
f 46/41/21 47/42/21 48/43/21
f 49/44/22 50/45/22 47/42/22
f 54/46/23 53/47/23 52/48/23
f 326/49/24 327/50/24 328/51/24
f 47/42/25 50/45/25 53/47/25
f 60/52/26 59/53/26 58/54/26
f 199/55/27 200/23/28 201/56/29
f 63/57/30 62/58/30 61/59/30
f 57/60/31 56/61/31 62/62/31
f 56/63/32 59/53/32 62/58/32
f 229/64/33 48/43/34 42/28/35
f 69/65/36 68/66/36 67/67/36
f 61/59/37 62/58/37 59/53/38
f 72/68/39 71/69/39 70/70/39
f 66/71/40 65/72/40 71/69/40
f 65/72/41 68/66/41 71/69/41
f 52/73/42 51/74/43 66/75/44
f 78/76/45 77/77/45 76/78/45
f 81/79/46 80/80/46 79/81/46
f 75/82/47 74/83/47 80/84/47
f 74/85/48 77/77/48 80/80/48
f 215/86/49 212/87/50 251/88/51
f 87/89/52 86/90/52 85/91/52
f 90/92/53 89/93/53 88/94/53
f 84/95/54 83/96/54 89/93/54
f 83/96/55 86/90/55 89/93/55
f 188/97/56 185/98/57 169/99/58
f 96/100/59 95/101/59 94/102/59
f 99/103/60 98/104/60 97/105/60
f 93/106/61 92/107/61 98/108/61
f 92/109/62 95/101/62 98/110/62
f 103/111/63 128/112/64 127/113/65
f 166/114/66 145/115/67 160/116/68
f 105/117/69 104/118/69 103/119/69
f 108/120/70 107/121/70 106/122/70
f 102/123/71 101/124/71 107/121/71
f 101/124/72 104/125/72 107/121/72
f 114/126/73 113/127/73 112/128/73
f 129/31/74 338/129/74 343/130/74
f 117/131/75 116/132/75 115/133/75
f 118/134/76 111/135/76 116/132/76
f 111/135/77 113/127/77 116/132/77
f 124/136/78 123/137/78 122/138/78
f 115/133/79 116/132/79 113/127/79
f 127/139/80 126/140/80 125/141/80
f 128/112/81 121/142/81 126/143/81
f 121/144/82 123/137/82 126/140/82
f 129/31/83 130/145/83 131/146/83
f 234/147/84 235/148/84 232/149/84
f 134/150/85 133/33/85 132/32/85
f 135/151/86 136/152/86 133/153/86
f 264/154/87 118/155/88 117/156/89
f 130/145/90 133/33/90 136/157/90
f 139/158/91 140/159/91 141/160/91
f 142/161/92 143/162/92 140/159/92
f 148/163/93 147/164/93 146/165/93
f 140/159/94 143/162/94 147/164/94
f 330/166/95 39/37/96 55/167/97
f 176/168/98 32/169/99 196/170/100
f 154/171/101 153/172/101 152/117/101
f 157/173/102 156/174/102 155/175/102
f 151/176/103 150/177/103 156/174/103
f 150/177/104 153/178/104 156/174/104
f 163/179/105 162/180/105 161/181/105
f 154/182/106 155/175/107 156/174/106
f 166/183/108 165/184/108 164/185/108
f 160/116/109 159/186/109 165/187/109
f 159/188/110 162/180/110 165/189/110
f 172/190/111 171/191/111 170/192/111
f 124/136/112 125/141/112 126/140/112
f 175/193/113 174/194/113 173/195/113
f 169/196/114 168/197/114 174/194/114
f 168/197/115 171/191/115 174/194/115
f 85/198/116 82/199/117 102/200/118
f 181/201/119 180/202/119 179/203/119
f 3/204/120 70/70/121 60/52/121
f 184/205/122 183/206/122 182/207/122
f 178/208/123 177/209/123 183/210/123
f 177/211/124 180/202/124 183/206/124
f 184/212/125 158/213/126 178/208/127
f 190/24/128 189/214/128 188/215/128
f 96/100/129 97/216/129 98/110/130
f 193/217/131 192/218/131 191/219/131
f 187/220/132 186/221/132 192/218/132
f 186/221/133 189/214/133 192/218/133
f 170/222/134 167/223/135 151/224/136
f 199/55/137 198/225/137 197/226/137
f 189/214/138 190/24/138 191/219/139
f 202/227/140 201/56/140 200/23/140
f 196/170/141 195/228/141 201/229/141
f 195/230/142 198/225/142 201/56/142
f 208/231/143 207/232/143 206/233/143
f 69/65/144 70/70/145 71/69/145
f 211/234/146 210/235/146 209/236/146
f 205/237/147 204/238/147 210/235/147
f 204/238/148 207/232/148 210/235/148
f 215/239/149 257/240/150 14/241/151
f 46/242/152 239/243/153 49/244/154
f 217/245/155 216/246/155 215/239/155
f 208/231/156 209/236/157 210/235/157
f 220/247/158 219/248/158 218/249/158
f 214/250/159 213/251/159 219/252/159
f 213/253/160 216/246/160 219/248/160
f 240/254/161 241/255/162 242/256/161
f 247/257/163 248/1/163 242/258/163
f 231/259/164 232/260/165 233/261/166
f 243/262/167 15/263/168 245/264/169
f 240/254/170 243/265/170 244/266/170
f 222/267/171 225/268/171 228/10/171
f 257/240/172 256/269/173 255/270/174
f 254/16/175 255/15/175 256/271/175
f 227/272/176 229/64/177 230/273/178
f 334/274/179 275/275/180 274/276/179
f 256/277/181 257/278/181 251/88/181
f 232/279/182 235/280/182 238/281/182
f 249/282/183 250/283/184 251/88/183
f 227/284/185 228/285/185 225/286/185
f 226/287/186 225/286/187 224/288/188
f 241/255/189 244/266/189 247/289/189
f 239/290/190 238/281/191 237/291/192
f 235/148/193 236/292/193 237/293/193
f 236/292/194 235/148/195 234/147/196
f 254/16/197 253/294/198 252/295/199
f 250/283/200 253/296/200 256/277/200
f 30/297/201 320/298/202 319/299/203
f 263/300/204 264/154/204 265/301/204
f 266/302/205 265/303/205 264/304/205
f 260/305/206 259/7/206 265/306/206
f 284/307/207 278/308/208 277/309/209
f 308/310/210 307/311/211 306/21/212
f 329/312/213 323/313/213 322/314/213
f 285/315/214 286/316/215 287/317/216
f 78/76/217 79/81/217 80/80/217
f 1/318/218 293/18/219 292/319/218
f 322/320/220 321/321/220 324/322/220
f 268/323/221 271/324/221 274/325/221
f 20/326/222 258/8/223 259/7/224
f 276/327/225 279/328/225 280/329/225
f 281/330/226 280/331/226 279/332/226
f 265/301/227 259/333/228 262/334/229
f 321/335/230 322/336/231 323/337/232
f 5/338/233 242/256/233 221/339/233
f 267/4/234 268/323/235 269/340/236
f 148/163/237 132/32/237 129/31/237
f 337/341/238 326/342/239 325/343/238
f 275/344/240 269/340/240 268/323/240
f 286/345/241 289/346/241 292/347/241
f 335/348/242 276/327/243 277/309/244
f 294/349/245 297/350/245 298/351/245
f 299/352/246 298/353/246 297/354/246
f 21/355/247 294/349/248 295/356/249
f 272/357/250 271/358/251 270/359/252
f 286/345/253 285/20/253 288/360/253
f 303/361/254 304/362/255 305/363/256
f 293/18/257 287/17/257 286/364/257
f 304/365/258 307/311/258 310/366/258
f 221/339/259 222/267/260 223/12/259
f 331/367/261 164/368/262 154/182/263
f 329/312/264 328/51/265 327/50/266
f 314/369/267 315/370/267 316/371/267
f 317/372/268 316/373/268 315/374/268
f 318/375/269 319/299/269 316/376/269
f 280/377/270 282/26/271 283/378/272
f 271/379/273 272/380/273 273/19/273
f 22/381/274 311/382/275 310/383/274
f 309/384/276 310/366/276 307/311/276
f 290/385/277 289/346/278 288/360/279
f 322/314/280 325/386/280 328/51/280
f 293/18/281 1/318/281 334/274/281
f 245/14/282 246/13/282 247/257/282
f 173/195/283 174/194/283 171/191/283
f 25/387/284 270/359/284 303/361/284
f 218/249/285 219/248/285 216/246/286
f 289/346/287 290/385/287 291/388/287
f 249/389/288 252/295/288 253/294/288
f 105/390/289 106/122/289 107/121/289
f 162/180/290 163/179/290 164/368/291
f 181/201/292 182/207/292 183/206/292
f 54/46/293 48/43/293 47/42/293
f 114/126/294 9/391/294 8/392/294
f 111/393/295 118/155/296 109/394/297
f 96/100/298 6/395/299 106/122/298
f 302/396/300 33/397/301 22/381/302
f 311/382/303 305/398/303 304/399/303
f 115/133/304 114/126/304 125/141/304
f 323/313/305 329/312/305 288/360/305
f 317/400/306 279/328/306 276/327/306
f 294/349/307 21/355/307 20/326/307
f 245/264/308 15/263/308 14/241/308
f 43/36/309 44/35/310 41/29/309
f 12/401/311 13/402/311 191/219/311
f 276/327/312 335/348/312 30/297/312
f 221/403/313 224/288/313 225/286/313
f 3/204/314 43/36/314 54/46/314
f 239/290/315 233/404/315 232/279/315
f 148/163/316 141/160/316 140/159/316
f 342/405/317 297/354/317 266/302/317
f 344/406/318 115/133/318 124/136/318
f 40/30/319 230/273/320 229/64/321
f 34/407/322 119/408/323 84/409/324
f 234/147/325 226/287/325 18/3/325
f 231/410/326 227/284/326 226/287/326
f 237/293/327 236/292/327 252/295/327
f 16/411/328 17/412/328 18/3/328
f 34/407/329 237/291/329 249/282/330
f 221/403/331 242/258/331 248/1/331
f 267/4/332 270/20/332 271/324/332
f 308/310/333 340/6/334 21/355/335
f 291/413/336 290/414/336 278/415/336
f 341/416/337 313/417/338 312/418/339
f 23/419/340 323/337/340 285/315/340
f 36/420/341 88/94/342 78/76/343
f 309/421/344 308/422/344 296/423/344
f 336/424/345 262/334/346 261/425/347
f 236/292/348 17/412/348 16/411/348
f 339/426/349 305/363/349 321/335/349
f 19/5/350 20/326/350 21/355/350
f 284/427/351 4/428/352 1/318/353
f 258/429/354 269/430/354 275/275/354
f 290/385/355 28/431/356 335/348/357
f 69/65/358 35/432/358 36/420/358
f 31/433/359 331/434/359 132/32/359
f 28/431/360 29/435/360 30/297/360
f 311/382/361 22/381/361 337/341/361
f 338/129/362 279/332/362 317/372/362
f 327/50/363 320/298/364 30/297/365
f 33/397/366 32/169/366 341/416/366
f 297/350/367 294/349/367 260/305/367
f 305/398/368 311/382/368 324/322/368
f 172/190/369 27/436/370 182/207/369
f 329/312/371 29/435/371 28/431/371
f 343/130/372 315/374/372 139/158/372
f 143/437/373 142/438/374 144/439/375
f 131/146/376 281/330/376 338/129/376
f 119/408/377 300/440/378 120/441/379
f 122/138/380 299/352/380 342/405/380
f 344/406/381 264/304/381 117/131/381
f 20/326/382 19/5/383 269/340/384
f 88/94/385 89/93/386 86/90/385
f 23/419/387 24/442/387 25/387/387
f 326/342/388 312/418/388 320/443/388
f 208/231/389 12/401/390 218/249/389
f 211/444/391 240/445/392 205/446/393
f 217/245/394 14/241/394 15/263/395
f 24/442/396 287/317/396 272/357/396
f 105/390/397 8/447/397 9/448/397
f 304/365/398 303/313/398 306/21/398
f 10/449/399 11/22/399 173/195/399
f 26/450/400 27/436/400 155/175/400
f 38/40/401 37/451/401 41/29/401
f 193/452/402 203/453/403 187/454/404
f 6/395/405 7/455/405 79/81/405
f 50/456/406 51/74/406 53/457/406
f 56/63/407 55/458/407 59/53/407
f 197/226/408 220/247/409 12/401/410
f 8/447/411 105/390/412 103/459/413
f 65/460/414 64/461/414 68/462/414
f 170/192/415 157/173/416 27/436/417
f 137/25/418 151/224/419 167/223/420
f 202/463/421 176/168/422 196/170/423
f 74/85/424 73/464/424 77/77/424
f 206/233/425 193/217/426 13/402/427
f 83/465/428 82/199/428 86/466/428
f 76/467/429 73/468/430 57/60/431
f 92/109/432 91/469/432 95/101/432
f 67/67/433 90/92/434 35/432/435
f 85/91/436 108/120/437 6/395/438
f 152/470/439 135/151/440 134/471/441
f 101/472/442 100/473/442 104/474/442
f 331/367/443 154/182/444 152/475/445
f 179/203/446 202/227/447 10/449/448
f 197/476/449 194/477/450 214/250/451
f 111/393/452 110/478/452 113/479/452
f 9/391/453 114/126/453 112/128/453
f 299/480/454 122/481/455 120/441/456
f 121/144/457 120/482/457 123/137/457
f 8/392/458 127/139/458 125/141/458
f 315/370/459 142/438/460 139/483/461
f 331/434/462 134/150/462 132/32/462
f 136/157/463 138/484/463 130/145/463
f 281/485/464 131/486/465 138/27/466
f 143/437/467 145/115/467 147/487/467
f 31/433/468 148/163/468 146/165/468
f 150/488/469 149/489/469 153/490/469
f 31/491/470 146/492/471 166/493/472
f 81/494/473 91/495/474 75/82/475
f 159/188/476 158/496/476 162/180/476
f 9/448/477 112/497/478 99/498/479
f 99/499/480 110/478/481 93/106/482
f 168/500/483 167/223/483 171/501/483
f 161/181/484 184/205/485 26/450/486
f 94/102/487 81/79/488 7/455/489
f 45/502/490 55/167/491 39/37/492
f 177/211/493 176/503/493 180/202/493
f 188/215/494 175/193/495 11/22/496
f 36/420/497 76/78/498 63/57/499
f 90/504/500 64/461/501 84/409/502
f 313/417/503 314/369/504 316/371/505
f 186/505/506 185/98/506 189/506/506
f 195/230/507 194/507/507 198/225/507
f 204/508/508 203/453/508 207/509/508
f 3/204/509 58/54/510 45/34/511
f 248/1/512 247/257/513 246/13/514
f 40/171/515 37/510/516 223/12/517
f 213/253/518 212/511/518 216/246/518
f 52/48/519 72/68/520 2/512/521
f 298/513/522 300/440/523 301/514/524
f 344/406/525 266/302/525 264/304/525
f 266/515/526 260/305/526 265/306/526
f 277/309/527 276/327/527 280/329/527
f 338/129/528 281/330/528 279/332/528
f 281/485/529 282/26/529 280/377/529
f 302/516/530 296/517/531 295/356/532
f 295/356/533 294/349/533 298/351/533
f 342/405/534 299/352/534 297/354/534
f 299/480/535 300/440/535 298/513/535
f 319/299/536 320/298/537 312/518/538
f 343/130/539 317/372/539 315/374/539
f 317/400/540 318/375/540 316/376/540
f 211/234/541 209/236/542 15/263/543
f 46/41/544 48/43/545 332/519/546
f 5/338/547 330/166/547 336/424/547
f 332/519/548 229/64/548 227/272/548
f 344/406/549 117/131/549 115/133/549
f 342/405/550 124/136/550 122/138/550
f 338/129/551 129/31/551 131/146/551
f 343/130/552 139/158/552 141/160/552
f 224/288/1 248/1/1 18/3/1
f 306/21/2 267/4/2 340/6/2
f 262/520/553 259/7/3 261/9/5
f 222/267/6 228/10/6 223/12/6
f 254/16/7 246/13/7 255/15/7
f 16/411/8 333/2/8 254/16/8
f 272/380/9 287/17/9 273/19/9
f 303/313/10 270/20/10 306/21/10
f 191/219/554 190/24/12 200/23/12
f 11/22/11 10/449/11 200/23/12
f 200/23/12 199/55/554 191/219/554
f 136/152/555 135/151/556 137/25/13
f 137/25/13 4/428/14 282/26/14
f 138/27/15 136/152/555 137/25/13
f 130/145/557 129/31/17 133/33/17
f 325/386/24 326/49/24 328/51/24
f 198/225/27 199/55/27 201/56/29
f 43/36/558 42/28/35 48/43/34
f 229/64/33 332/519/559 48/43/34
f 48/43/34 54/46/558 43/36/558
f 60/52/38 61/59/37 59/53/38
f 52/73/42 53/457/560 51/74/43
f 66/75/44 71/521/561 72/522/562
f 72/522/562 52/73/42 66/75/44
f 251/88/51 257/278/563 215/86/49
f 215/86/49 216/523/564 212/87/50
f 188/97/56 189/506/565 185/98/57
f 169/99/58 174/524/566 175/525/567
f 175/525/567 188/97/56 169/99/58
f 126/143/568 127/113/65 128/112/64
f 103/111/63 104/474/569 100/473/570
f 100/473/570 128/112/64 103/111/63
f 166/114/66 146/526/571 145/115/67
f 160/116/68 165/187/572 166/114/66
f 147/487/573 145/115/67 146/526/571
f 141/160/74 129/31/74 343/130/74
f 114/126/79 115/133/79 113/127/79
f 231/410/84 234/147/84 232/149/84
f 116/527/574 117/156/89 118/155/88
f 264/154/87 263/300/575 118/155/88
f 91/495/576 92/107/577 93/106/578
f 73/468/579 74/83/580 75/82/581
f 75/82/581 91/495/576 109/394/582
f 93/106/578 110/478/583 109/394/582
f 109/394/582 73/468/579 75/82/581
f 37/528/584 38/38/585 39/37/96
f 330/166/95 223/12/586 37/528/584
f 91/495/576 93/106/578 109/394/582
f 57/60/587 73/468/579 330/166/95
f 55/167/97 56/61/588 57/60/587
f 37/528/584 39/37/96 330/166/95
f 109/394/582 330/166/95 73/468/579
f 55/167/97 57/60/587 330/166/95
f 194/477/589 195/228/590 196/170/100
f 212/529/591 213/251/592 214/250/593
f 214/250/593 194/477/589 32/169/99
f 176/168/98 177/209/594 178/208/595
f 194/477/589 196/170/100 32/169/99
f 251/88/596 212/529/591 32/169/99
f 144/439/597 32/169/99 176/168/98
f 160/116/598 145/115/599 144/439/597
f 158/213/600 159/186/601 160/116/598
f 176/168/98 178/208/595 144/439/597
f 212/529/591 214/250/593 32/169/99
f 160/116/598 144/439/597 158/213/600
f 178/208/595 158/213/600 144/439/597
f 153/178/106 154/182/106 156/174/106
f 123/137/112 124/136/112 126/140/112
f 85/198/116 86/466/602 82/199/117
f 102/200/118 107/530/603 108/531/604
f 108/531/604 85/198/116 102/200/118
f 61/59/605 60/52/121 70/70/121
f 3/204/120 2/512/120 70/70/121
f 70/70/121 69/65/605 61/59/605
f 161/532/606 162/533/607 158/213/126
f 178/208/127 183/210/608 184/212/125
f 184/212/125 161/532/606 158/213/126
f 95/101/609 96/100/129 98/110/130
f 170/222/134 171/501/610 167/223/135
f 151/224/136 156/534/611 157/535/612
f 157/535/612 170/222/134 151/224/136
f 192/218/139 189/214/138 191/219/139
f 68/66/144 69/65/144 71/69/145
f 217/245/613 215/239/149 14/241/151
f 46/242/152 233/404/614 239/243/153
f 49/244/154 47/523/615 46/242/152
f 207/232/156 208/231/156 210/235/157
f 5/338/616 240/254/161 242/256/161
f 241/536/163 247/257/163 242/258/163
f 332/519/617 231/259/164 233/261/166
f 244/537/618 243/262/167 245/264/169
f 241/255/170 240/254/170 244/266/170
f 14/241/619 257/240/172 255/270/174
f 253/294/175 254/16/175 256/271/175
f 228/538/620 227/272/176 230/273/178
f 273/19/621 334/274/179 274/276/179
f 250/283/181 256/277/181 251/88/181
f 32/169/622 249/282/183 251/88/183
f 226/287/185 227/284/185 225/286/185
f 18/3/623 226/287/186 224/288/188
f 34/407/624 239/290/190 237/291/192
f 238/539/193 235/148/193 237/293/193
f 17/412/625 236/292/194 234/147/196
f 16/411/626 254/16/197 252/295/199
f 318/375/627 30/297/201 319/299/203
f 283/540/628 284/307/207 277/309/209
f 340/6/629 308/310/210 306/21/212
f 328/51/213 329/312/213 322/314/213
f 24/442/630 285/315/214 287/317/216
f 77/77/217 78/76/217 80/80/217
f 291/413/631 1/318/218 292/319/218
f 325/343/220 322/320/220 324/322/220
f 260/305/632 20/326/222 259/7/224
f 263/300/633 265/301/227 262/334/229
f 23/419/634 321/335/230 323/337/232
f 330/166/233 5/338/233 221/339/233
f 19/5/635 267/4/234 269/340/236
f 141/160/237 148/163/237 129/31/237
f 324/322/636 337/341/238 325/343/238
f 274/325/240 275/344/240 268/323/240
f 278/308/637 335/348/242 277/309/244
f 296/517/638 21/355/247 295/356/249
f 25/387/639 272/357/250 270/359/252
f 289/346/253 286/345/253 288/360/253
f 339/426/640 303/361/254 305/363/256
f 292/319/257 293/18/257 286/364/257
f 330/166/641 221/339/259 223/12/259
f 155/175/305 154/182/263 164/368/262
f 331/367/261 31/491/261 164/368/262
f 164/368/262 163/179/305 155/175/305
f 29/435/642 329/312/264 327/50/266
f 277/541/643 280/377/270 283/378/272
f 274/276/273 271/379/273 273/19/273
f 309/421/644 22/381/274 310/383/274
f 308/310/276 309/384/276 307/311/276
f 28/431/645 290/385/277 288/360/279
f 273/19/281 293/18/281 334/274/281
f 244/542/282 245/14/282 247/257/282
f 172/190/283 173/195/283 171/191/283
f 339/426/284 25/387/284 303/361/284
f 217/245/286 218/249/285 216/246/286
f 292/347/287 289/346/287 291/388/287
f 250/543/288 249/389/288 253/294/288
f 104/125/289 105/390/289 107/121/289
f 165/189/291 162/180/290 164/368/291
f 180/202/292 181/201/292 183/206/292
f 53/47/293 54/46/293 47/42/293
f 125/141/294 114/126/294 8/392/294
f 336/424/646 109/394/297 263/300/646
f 110/478/647 111/393/295 109/394/297
f 118/155/296 263/300/646 109/394/297
f 106/122/298 105/390/10 97/216/10
f 96/100/298 7/455/299 6/395/299
f 106/122/298 97/216/10 96/100/298
f 301/514/648 300/440/649 33/397/301
f 22/381/302 309/421/650 302/396/300
f 302/396/300 301/514/648 33/397/301
f 310/383/303 311/382/303 304/399/303
f 124/136/304 115/133/304 125/141/304
f 285/20/305 323/313/305 288/360/305
f 318/375/306 317/400/306 276/327/306
f 260/305/307 294/349/307 20/326/307
f 255/270/308 245/264/308 14/241/308
f 42/28/309 43/36/309 41/29/309
f 199/55/311 12/401/311 191/219/311
f 318/375/312 276/327/312 30/297/312
f 222/544/313 221/403/313 225/286/313
f 2/512/314 3/204/314 54/46/314
f 238/281/315 239/290/315 232/279/315
f 147/164/316 148/163/316 140/159/316
f 344/406/317 342/405/317 266/302/317
f 342/405/318 344/406/318 124/136/318
f 42/28/651 40/30/319 229/64/321
f 82/199/652 83/465/653 84/409/324
f 100/473/654 101/472/655 102/200/656
f 102/200/656 82/199/652 119/408/323
f 64/461/657 65/460/658 66/75/659
f 82/199/652 84/409/324 119/408/323
f 128/112/660 100/473/654 119/408/323
f 34/407/322 84/409/324 64/461/657
f 49/545/661 239/290/662 34/407/322
f 51/74/663 50/456/664 49/545/661
f 64/461/657 66/75/659 34/407/322
f 100/473/654 102/200/656 119/408/323
f 49/545/661 34/407/322 51/74/663
f 66/75/659 51/74/663 34/407/322
f 17/412/325 234/147/325 18/3/325
f 234/147/326 231/410/326 226/287/326
f 249/389/327 237/293/327 252/295/327
f 333/2/328 16/411/328 18/3/328
f 32/169/330 34/407/329 249/282/330
f 224/288/331 221/403/331 248/1/331
f 268/323/332 267/4/332 271/324/332
f 296/517/665 308/310/333 21/355/335
f 284/427/336 291/413/336 278/415/336
f 326/342/666 337/341/667 341/416/337
f 341/416/337 314/369/668 313/417/338
f 312/418/339 326/342/666 341/416/337
f 24/442/340 23/419/340 285/315/340
f 79/81/669 78/76/343 88/94/342
f 36/420/341 35/432/341 88/94/342
f 88/94/342 87/89/669 79/81/669
f 302/396/344 309/421/344 296/423/344
f 275/275/670 334/274/671 336/424/345
f 336/424/345 263/300/672 262/334/346
f 261/425/347 275/275/670 336/424/345
f 252/295/348 236/292/348 16/411/348
f 23/419/349 339/426/349 321/335/349
f 340/6/350 19/5/350 21/355/350
f 283/378/673 282/26/674 4/428/352
f 1/318/353 291/413/675 284/427/351
f 284/427/351 283/378/673 4/428/352
f 261/425/354 258/429/354 275/275/354
f 278/308/676 290/385/355 335/348/357
f 61/59/358 69/65/358 36/420/358
f 148/163/359 31/433/359 132/32/359
f 335/348/360 28/431/360 30/297/360
f 324/322/361 311/382/361 337/341/361
f 343/130/362 338/129/362 317/372/362
f 29/435/677 327/50/363 30/297/365
f 341/416/366 337/341/366 22/381/366
f 33/397/366 119/408/366 34/407/366
f 341/416/366 22/381/366 33/397/366
f 32/169/366 144/439/366 341/416/366
f 33/397/366 34/407/366 32/169/366
f 266/515/367 297/350/367 260/305/367
f 321/321/368 305/398/368 324/322/368
f 182/207/369 181/201/678 173/195/678
f 173/195/678 172/190/369 182/207/369
f 27/436/370 26/450/370 182/207/369
f 288/360/371 329/312/371 28/431/371
f 341/416/679 144/439/375 314/369/679
f 145/115/680 143/437/373 144/439/375
f 142/438/374 314/369/679 144/439/375
f 121/142/681 128/112/682 119/408/377
f 119/408/377 33/397/378 300/440/378
f 120/441/379 121/142/681 119/408/377
f 258/8/683 20/326/382 269/340/384
f 87/89/385 88/94/385 86/90/385
f 339/426/387 23/419/387 25/387/387
f 327/546/388 326/342/388 320/443/388
f 218/249/389 217/245/684 209/236/684
f 208/231/389 13/402/390 12/401/390
f 218/249/389 209/236/684 208/231/389
f 211/444/391 243/265/685 240/445/392
f 205/446/393 210/547/686 211/444/391
f 209/236/395 217/245/394 15/263/395
f 25/387/396 24/442/396 272/357/396
f 97/216/397 105/390/397 9/448/397
f 307/311/398 304/365/398 306/21/398
f 181/201/399 10/449/399 173/195/399
f 163/179/400 26/450/400 155/175/400
f 206/548/687 207/509/688 203/453/403
f 187/454/404 192/549/689 193/452/402
f 193/452/402 206/548/687 203/453/403
f 87/89/405 6/395/405 79/81/405
f 218/249/690 12/401/410 220/247/409
f 199/55/691 197/226/408 12/401/410
f 127/550/692 8/447/411 103/459/413
f 155/175/693 27/436/417 157/173/416
f 172/190/694 170/192/415 27/436/417
f 203/453/695 204/508/696 205/551/697
f 185/98/698 186/505/699 187/454/700
f 187/454/700 203/453/695 5/338/701
f 205/551/697 240/254/702 5/338/701
f 5/338/701 137/25/418 169/99/703
f 149/489/704 150/488/705 151/224/419
f 137/25/418 135/151/706 149/489/704
f 203/453/695 205/551/697 5/338/701
f 169/99/703 185/98/698 5/338/701
f 167/223/420 168/500/707 169/99/703
f 149/489/704 151/224/419 137/25/418
f 187/454/700 5/338/701 185/98/698
f 167/223/420 169/99/703 137/25/418
f 179/552/708 180/553/709 176/168/422
f 196/170/423 201/229/710 202/463/421
f 202/463/421 179/552/708 176/168/422
f 191/219/711 13/402/427 193/217/426
f 208/231/712 206/233/425 13/402/427
f 76/467/429 77/554/713 73/468/430
f 57/60/431 62/62/714 63/555/715
f 63/555/715 76/467/429 57/60/431
f 88/94/716 35/432/435 90/92/434
f 69/65/717 67/67/433 35/432/435
f 106/122/718 6/395/438 108/120/437
f 87/89/719 85/91/436 6/395/438
f 133/153/720 134/471/441 135/151/440
f 152/470/439 153/490/721 149/489/722
f 149/489/722 135/151/440 152/470/439
f 134/556/723 331/367/443 152/475/445
f 200/23/724 10/449/448 202/227/447
f 181/201/725 179/203/446 10/449/448
f 197/476/449 198/557/726 194/477/450
f 214/250/451 219/252/727 220/558/728
f 220/558/728 197/476/449 214/250/451
f 123/559/729 120/441/456 122/481/455
f 300/440/730 299/480/454 120/441/456
f 140/560/731 139/483/461 142/438/460
f 315/370/459 314/369/459 142/438/460
f 130/561/732 138/27/466 131/486/465
f 282/26/464 281/485/464 138/27/466
f 164/368/733 31/491/470 166/493/472
f 94/562/734 95/563/735 91/495/474
f 75/82/475 80/84/736 81/494/473
f 81/494/473 94/562/734 91/495/474
f 97/216/737 9/448/477 99/498/479
f 99/499/480 112/564/738 110/478/481
f 93/106/482 98/108/739 99/499/480
f 113/479/740 110/478/481 112/564/738
f 182/207/741 26/450/486 184/205/485
f 163/179/742 161/181/484 26/450/486
f 79/81/743 7/455/489 81/79/488
f 96/100/744 94/102/487 7/455/489
f 58/565/745 59/566/746 55/167/491
f 39/37/492 44/39/747 45/502/490
f 45/502/490 58/565/745 55/167/491
f 173/195/748 11/22/496 175/193/495
f 190/24/749 188/215/494 11/22/496
f 63/57/499 61/59/750 36/420/497
f 36/420/497 78/76/751 76/78/498
f 67/567/752 68/462/753 64/461/501
f 84/409/502 89/568/754 90/504/500
f 90/504/500 67/567/752 64/461/501
f 319/569/755 313/417/503 316/371/505
f 45/34/511 43/36/756 3/204/509
f 3/204/509 60/52/757 58/54/510
f 333/2/758 248/1/512 246/13/514
f 223/12/517 230/11/759 40/171/515
f 40/171/515 41/570/760 37/510/516
f 70/70/761 2/512/521 72/68/520
f 54/46/762 52/48/519 2/512/521
f 295/571/763 298/513/522 301/514/524
f 301/572/764 302/516/530 295/356/532
f 313/573/765 319/299/536 312/518/538
f 243/262/766 211/234/541 15/263/543
f 233/261/767 46/41/544 332/519/546
f 336/424/547 334/274/547 4/428/547
f 4/428/547 137/25/547 5/338/547
f 334/274/547 1/318/547 4/428/547
f 330/166/547 109/394/547 336/424/547
f 4/428/547 5/338/547 336/424/547
f 231/259/548 332/519/548 227/272/548
